80 78 open
-2510.03 -2372.82 60.04 11.70 8 trains_old_west02
c -2508.17 -2361.28 60.53 -2509.30 -2367.37 60.27 -2506.49 -2353.96 60.91 20.05 0
c -2501.90 -2342.27 61.75 -2503.48 -2345.53 61.48 -2500.35 -2339.24 62.05 28.84 0
c -2485.74 -2318.43 63.19 -2490.61 -2324.85 63.01 -2480.73 -2311.96 63.29 29.54 0
c -2467.01 -2295.59 63.70 -2475.09 -2304.97 63.43 -2457.82 -2285.21 63.96 40.98 0
c -2438.39 -2266.27 64.61 -2447.79 -2275.02 64.28 -2431.41 -2259.82 64.89 33.68 0
c -2411.70 -2245.75 65.70 -2421.31 -2251.90 65.31 -2404.71 -2241.43 66.01 21.84 0
c -2392.36 -2235.63 66.55 -2399.06 -2238.56 66.25 -2385.13 -2232.76 66.87 22.61 0
c -2370.33 -2230.63 67.50 -2376.68 -2230.84 67.23 -2364.12 -2230.55 67.75 20.98 0
c -2349.41 -2229.24 68.28 -2357.82 -2230.20 67.99 -2340.07 -2227.83 68.58 26.16 0
c -2323.92 -2223.40 69.04 -2331.33 -2225.66 68.84 -2313.05 -2219.83 69.31 26.63 0
c -2299.55 -2212.67 69.67 -2305.98 -2216.42 69.51 -2289.97 -2207.02 69.91 23.67 0
c -2280.58 -2198.52 70.17 -2286.35 -2203.79 70.01 -2273.17 -2191.03 70.35 26.42 0
c -2265.18 -2177.06 70.71 -2269.12 -2185.23 70.53 -2261.33 -2168.18 70.85 23.88 0
c -2259.27 -2153.93 71.18 -2259.70 -2160.62 71.11 -2258.87 -2140.91 71.44 33.06 0
c -2258.14 -2120.90 71.91 -2258.65 -2132.28 71.63 -2257.44 -2107.85 72.26 33.02 0
c -2256.10 -2087.96 72.80 -2256.90 -2099.12 72.50 -2255.63 -2080.95 72.99 86.48 0
c -2249.09 -2001.79 75.09 -2249.41 -2004.84 74.96 -2248.84 -1998.59 75.20 21.38 4
c -2246.30 -1980.62 76.21 -2247.70 -1988.90 75.51 -2245.14 -1975.11 76.51 21.62 4
c -2240.77 -1959.76 77.59 -2243.42 -1968.54 76.92 -2238.72 -1953.81 78.14 21.80 4
c -2232.78 -1939.58 79.65 -2235.43 -1945.50 78.99 -2229.86 -1933.44 80.39 25.43 4
c -2220.92 -1917.27 82.53 -2225.48 -1925.13 81.45 -2217.13 -1911.12 83.42 22.09 4
c -2208.87 -1898.96 85.29 -2212.78 -1904.52 84.41 -2205.53 -1894.32 86.04 19.06 4
c -2197.37 -1883.97 87.79 -2201.15 -1888.54 87.00 -2193.83 -1879.58 88.55 20.89 4
c -2183.96 -1868.20 90.59 -2189.49 -1874.56 89.45 -2178.07 -1861.70 91.78 27.39 4
c -2165.22 -1848.57 94.27 -2171.48 -1854.80 93.08 -2159.22 -1842.52 95.41 28.32 4
c -2144.98 -1829.12 97.99 -2150.93 -1834.57 96.94 -2138.20 -1822.90 99.17 28.91 4
c -2123.62 -1809.97 101.60 -2130.97 -1816.37 100.40 -2117.39 -1804.54 102.60 38.76 4
c -2094.18 -1785.15 106.02 -2108.98 -1797.52 103.88 -2079.35 -1772.91 108.00 44.21 4
c -2060.09 -1757.32 110.28 -2071.07 -1766.25 109.02 -2049.60 -1748.79 111.37 38.04 4
c -2030.61 -1733.45 113.08 -2039.57 -1740.78 112.31 -2022.52 -1726.87 113.68 25.96 4
c -2010.65 -1716.90 114.43 -2016.39 -1721.72 114.09 -2004.06 -1711.49 114.77 30.59 4
c -1987.31 -1697.15 115.26 -1996.41 -1704.96 115.09 -1980.68 -1691.23 115.53 23.58 4
c -1969.84 -1681.32 115.58 -1974.54 -1686.21 115.57 -1964.89 -1675.83 115.57 24.07 4
c -1956.83 -1661.07 115.53 -1961.33 -1670.82 115.56 -1953.24 -1651.68 115.52 21.92 0
c -1950.84 -1639.98 115.38 -1952.39 -1648.31 115.42 -1949.74 -1631.39 115.21 26.22 0
c -1949.72 -1613.78 115.30 -1949.21 -1626.79 115.36 -1951.09 -1599.73 115.17 32.39 2 manzanita_01
c -1954.04 -1581.68 114.98 -1952.70 -1593.21 115.09 -1955.00 -1572.98 114.91 28.83 0
c -1956.31 -1552.94 114.78 -1955.83 -1564.00 114.85 -1956.55 -1545.02 114.73 23.02 0
c -1956.11 -1529.92 114.60 -1956.41 -1536.37 114.66 -1955.72 -1523.95 114.54 20.04 0
c -1954.29 -1509.97 114.31 -1955.35 -1518.77 114.45 -1953.22 -1502.70 114.18 16.23 0
c -1951.53 -1493.99 113.72 -1952.39 -1498.45 113.94 -1950.03 -1487.09 113.33 16.43 0
c -1947.63 -1478.06 112.68 -1948.80 -1482.33 112.99 -1945.83 -1472.06 112.12 21.33 0
c -1940.73 -1457.95 110.99 -1943.95 -1465.91 111.68 -1938.34 -1452.23 110.60 20.82 0
c -1932.18 -1439.04 109.28 -1935.17 -1445.12 109.87 -1927.29 -1429.76 108.25 26.70 0
c -1918.76 -1416.12 106.55 -1924.00 -1424.12 107.53 -1913.33 -1407.91 105.43 29.31 0
c -1901.41 -1392.72 103.33 -1907.39 -1400.04 104.20 -1895.55 -1385.72 102.48 32.15 0
c -1879.98 -1368.89 100.75 -1889.04 -1378.26 101.67 -1871.13 -1360.02 99.96 35.50 0
c -1854.31 -1344.47 98.56 -1863.79 -1353.08 99.35 -1844.46 -1335.85 97.70 40.67 0
c -1823.55 -1318.01 95.83 -1832.90 -1325.85 96.66 -1814.82 -1310.96 95.05 36.65 0
c -1794.91 -1295.29 93.24 -1806.03 -1303.88 94.28 -1790.83 -1292.20 92.90 24.99 0
c -1774.89 -1280.43 91.59 -1781.46 -1285.14 92.15 -1766.93 -1274.79 90.92 31.24 0
c -1749.20 -1262.78 89.45 -1759.22 -1269.52 90.34 -1737.14 -1254.97 88.46 39.21 0
c -1715.85 -1242.33 86.76 -1725.16 -1247.67 87.49 -1704.75 -1236.06 85.80 43.42 0
c -1677.39 -1222.61 82.56 -1691.03 -1228.96 84.28 -1666.26 -1217.14 81.17 41.62 0
c -1639.14 -1206.86 77.97 -1653.60 -1212.31 79.36 -1631.54 -1204.01 77.30 31.38 0
c -1609.28 -1197.40 76.06 -1622.34 -1200.98 76.70 -1602.42 -1195.56 75.79 20.54 0
c -1589.32 -1192.58 75.54 -1598.06 -1194.47 75.61 -1581.86 -1190.90 75.52 22.06 0
c -1567.59 -1188.80 75.84 -1574.98 -1189.73 75.61 -1560.10 -1187.95 76.00 21.96 0
c -1545.73 -1186.85 76.57 -1553.47 -1187.27 76.17 -1535.32 -1186.67 76.50 28.37 0
c -1517.38 -1185.88 76.15 -1531.42 -1186.64 76.41 -1501.28 -1184.66 75.97 58.78 0
c -1459.46 -1175.88 75.66 -1473.49 -1179.30 75.85 -1441.22 -1171.46 75.24 52.57 0
c -1408.82 -1161.82 74.36 -1427.23 -1167.52 74.86 -1391.87 -1156.78 73.93 45.40 0
c -1365.51 -1148.24 73.43 -1381.42 -1153.25 73.70 -1344.48 -1141.30 73.27 53.14 0
c -1314.73 -1132.57 73.22 -1332.40 -1137.50 73.24 -1302.16 -1128.94 73.16 40.05 0
c -1276.08 -1122.09 72.75 -1286.23 -1124.56 72.94 -1257.96 -1117.65 72.14 49.54 0
c -1227.53 -1112.41 70.78 -1244.55 -1114.94 71.57 -1217.23 -1110.91 70.30 28.60 0
c -1199.13 -1109.30 69.51 -1204.16 -1109.63 69.72 -1186.07 -1108.56 69.04 39.79 0
c -1159.38 -1108.25 67.95 -1171.74 -1108.53 68.64 -1150.55 -1107.98 67.49 26.69 0
c -1132.83 -1106.24 66.06 -1142.67 -1107.33 66.82 -1121.94 -1104.97 65.17 26.34 0
c -1106.91 -1102.09 63.92 -1111.19 -1103.07 64.28 -1098.90 -1100.33 63.28 18.66 0
c -1088.88 -1097.52 62.48 -1093.92 -1098.98 62.87 -1082.32 -1095.40 62.00 17.49 0
c -1072.44 -1091.65 61.37 -1078.16 -1094.02 61.72 -1069.93 -1090.65 61.21 8.41 0
c -1064.73 -1088.33 60.92 -1065.96 -1088.96 60.94 -1062.44 -1087.24 60.81 25.60 8 spooni04
c -1043.13 -1074.62 59.90 -1049.27 -1080.11 60.20 -1040.12 -1072.34 59.78 11.89 0
c -1034.21 -1066.77 59.59 -1037.71 -1070.11 59.69 -1029.21 -1060.98 59.48 23.86 0
c -1020.01 -1047.59 59.56 -1024.43 -1054.82 59.47 -1016.72 -1041.35 59.70 20.42 0
c -1012.28 -1028.70 60.02 -1013.65 -1033.72 59.89 -1010.53 -1022.99 60.15 15.74 0
c -1009.04 -1013.30 60.34 -1009.65 -1018.83 60.24 -1008.07 -1007.53 60.44 15.26 0
-1007.91 -998.08 60.44 0.00 8 spooni02
