73 72 open
c -948.54 -636.04 72.04 -941.69 -635.79 71.92 -955.72 -635.99 72.21 19.71 8 freight_group
c -968.02 -639.02 72.46 -962.33 -637.21 72.33 -976.45 -640.93 72.60 24.03 0
c -989.42 -649.93 71.99 -982.71 -644.51 72.55 -995.70 -655.32 71.08 21.33 0
c -1001.92 -667.02 69.42 -999.47 -660.93 70.25 -1004.14 -672.60 68.66 15.84 0
c -1006.23 -682.13 67.45 -1005.13 -675.90 68.23 -1006.83 -685.49 67.03 13.55 0
c -1007.85 -695.49 65.89 -1007.52 -690.51 66.45 -1008.14 -699.40 65.46 8.92 0
c -1008.02 -704.35 64.90 -1008.08 -701.88 65.18 -1007.93 -707.43 64.56 9.98 0
c -1007.94 -714.25 63.67 -1007.96 -712.70 63.82 -1007.95 -715.58 63.50 11.83 8 spooni01
c -1007.87 -726.02 62.52 -1007.86 -722.59 62.87 -1007.92 -729.04 62.22 11.28 0
c -1007.84 -737.25 61.48 -1007.87 -732.50 61.89 -1007.86 -745.28 60.74 30.06 0
c -1007.91 -767.25 59.54 -1007.99 -757.32 59.95 -1007.93 -777.43 59.16 22.04 0
c -1007.95 -789.28 58.91 -1007.90 -783.58 59.00 -1007.87 -794.21 58.86 122.24 0
c -1007.84 -911.52 59.31 -1007.85 -908.40 59.30 -1007.81 -916.07 59.34 17.28 0
c -1007.85 -928.80 59.55 -1007.86 -923.13 59.45 -1007.87 -933.59 59.64 28.36 0
c -1007.92 -957.16 60.07 -1007.92 -950.31 59.95 -1007.94 -965.51 60.20 25.50 0
c -1007.92 -982.66 60.42 -1007.92 -975.26 60.34 -1007.90 -988.81 60.47 15.42 0
c -1007.91 -998.08 60.44 -1007.93 -996.82 60.45 -1007.90 -999.29 60.44 19.10 8 spooni03
c -1006.23 -1017.11 60.28 -1007.35 -1009.08 60.42 -1005.26 -1024.03 60.10 25.43 0
c -1000.29 -1041.82 59.37 -1004.26 -1029.48 59.92 -997.39 -1050.69 58.86 28.81 0
c -988.21 -1067.91 57.50 -993.35 -1059.39 58.24 -981.74 -1078.64 56.45 37.42 0
c -965.81 -1097.69 54.06 -972.80 -1090.22 55.08 -962.43 -1101.57 53.54 24.34 0
c -948.88 -1115.02 51.68 -950.08 -1113.82 51.87 -947.86 -1116.02 51.53 11.85 8 spooni04
c -940.35 -1123.12 50.27 -943.40 -1120.21 50.72 -934.94 -1128.10 49.49 25.94 0
c -921.79 -1141.04 47.54 -929.84 -1133.11 48.73 -914.65 -1148.01 46.53 30.09 0
c -902.32 -1163.81 44.69 -907.30 -1156.71 45.45 -896.98 -1171.52 43.96 24.69 0
c -890.97 -1185.67 43.03 -894.61 -1176.02 43.61 -888.96 -1191.17 42.79 20.15 0
c -887.09 -1205.44 42.49 -887.41 -1199.51 42.57 -886.87 -1209.61 42.36 19.78 0
c -887.00 -1225.22 42.48 -886.96 -1217.87 42.48 -887.09 -1236.14 42.48 31.07 0
c -887.01 -1256.29 42.48 -887.12 -1247.44 42.40 -887.03 -1269.09 42.33 34.35 2 blackwater_01
c -885.40 -1290.60 42.34 -885.45 -1278.21 42.39 -885.34 -1300.23 42.34 36.83 0
c -885.29 -1327.43 42.25 -885.25 -1314.85 42.26 -885.37 -1337.04 42.25 32.44 0
c -885.43 -1359.87 42.37 -885.37 -1343.51 42.35 -885.90 -1372.97 42.58 32.10 0
c -889.99 -1391.63 43.28 -887.20 -1381.45 42.83 -892.90 -1402.03 43.91 27.35 0
c -900.90 -1416.64 45.19 -895.19 -1407.30 44.21 -905.38 -1423.49 45.94 20.65 0
c -913.67 -1432.75 47.18 -908.90 -1427.91 46.49 -917.61 -1437.00 47.78 23.51 0
c -931.38 -1448.02 49.62 -924.79 -1443.20 48.77 -941.49 -1455.35 50.84 44.13 0
c -968.30 -1471.89 53.41 -952.78 -1462.49 52.04 -977.86 -1477.59 54.07 37.05 0
c -999.23 -1492.14 55.82 -990.41 -1486.04 54.92 -1007.74 -1498.31 56.93 28.58 0
c -1022.20 -1508.85 58.94 -1014.13 -1502.82 57.78 -1030.90 -1515.44 60.27 38.50 0
c -1052.29 -1532.38 63.73 -1042.79 -1524.75 61.98 -1062.24 -1540.36 65.33 38.11 0
c -1081.45 -1556.49 68.31 -1074.38 -1550.48 67.25 -1089.05 -1562.94 69.38 30.41 0
c -1104.48 -1576.13 71.26 -1097.40 -1570.01 70.44 -1111.56 -1582.28 71.96 33.08 0
c -1129.39 -1597.81 73.13 -1121.36 -1590.79 72.72 -1135.16 -1602.85 73.29 35.77 0
c -1156.24 -1621.44 73.78 -1145.76 -1612.15 73.42 -1164.53 -1628.83 74.18 33.79 0
c -1181.43 -1643.92 75.17 -1171.59 -1635.21 74.58 -1195.21 -1656.27 76.03 44.32 0
c -1214.47 -1673.39 77.13 -1205.41 -1665.41 76.63 -1226.14 -1683.80 77.69 52.55 0
c -1253.85 -1708.16 78.46 -1242.82 -1698.48 78.26 -1266.05 -1718.84 78.52 51.05 0
c -1292.52 -1741.49 78.12 -1278.02 -1729.13 78.47 -1311.54 -1757.63 77.46 61.50 0
c -1340.25 -1780.21 75.99 -1326.51 -1769.77 77.01 -1348.40 -1786.61 75.46 48.09 0
c -1379.41 -1807.94 72.86 -1364.27 -1797.82 74.31 -1394.53 -1818.10 71.06 49.79 0
c -1420.90 -1834.91 67.37 -1407.49 -1826.68 69.30 -1435.22 -1843.66 65.16 49.44 0
c -1463.11 -1859.95 61.37 -1450.06 -1852.79 63.08 -1475.19 -1866.76 59.93 34.92 0
c -1493.48 -1876.87 58.13 -1483.71 -1871.46 59.03 -1501.61 -1881.24 57.48 32.31 0
c -1521.76 -1892.36 56.01 -1513.90 -1887.96 56.61 -1531.32 -1897.71 55.24 32.18 0
c -1549.66 -1908.22 53.66 -1541.41 -1903.46 54.37 -1558.46 -1913.33 52.91 33.79 0
c -1578.49 -1925.69 51.40 -1568.22 -1919.13 52.12 -1587.14 -1931.14 50.92 35.31 0
c -1608.16 -1944.79 50.15 -1600.64 -1939.86 50.37 -1615.92 -1949.93 49.94 42.02 0
c -1643.00 -1968.26 49.26 -1632.36 -1960.80 49.55 -1652.31 -1974.43 48.98 46.91 0
c -1680.27 -1996.72 48.08 -1669.04 -1986.56 48.44 -1687.94 -2003.89 47.87 23.66 0
c -1696.68 -2013.76 47.66 -1691.69 -2007.82 47.77 -1704.60 -2023.56 47.52 24.74 0
c -1710.87 -2034.02 47.40 -1708.42 -2029.51 47.55 -1713.56 -2038.37 47.52 22.42 0
c -1719.91 -2054.54 47.61 -1717.23 -2046.67 47.55 -1722.50 -2062.99 47.71 30.56 0
c -1724.55 -2084.74 48.03 -1724.12 -2071.82 47.82 -1723.81 -2099.05 48.45 37.19 0
c -1718.11 -2121.35 49.12 -1722.24 -2109.13 48.78 -1715.53 -2128.46 49.22 38.08 0
c -1704.15 -2156.78 49.27 -1709.58 -2143.61 49.18 -1698.36 -2170.28 49.87 40.06 0
c -1687.58 -2193.23 50.44 -1690.46 -2187.33 50.47 -1682.89 -2203.20 50.44 39.31 0
c -1670.96 -2228.85 50.44 -1675.16 -2219.82 50.44 -1668.80 -2233.43 50.37 13.00 0
c -1665.35 -2240.58 50.31 -1666.53 -2238.15 50.33 -1662.34 -2246.10 50.00 23.47 0
c -1653.88 -2260.93 47.99 -1658.51 -2252.81 49.15 -1649.39 -2268.46 46.92 29.04 0
c -1639.63 -2286.03 44.81 -1644.71 -2276.84 45.83 -1638.47 -2288.43 44.60 9.66 0
c -1635.69 -2294.83 44.29 -1636.91 -2291.90 44.38 -1633.50 -2300.68 44.36 16.46 0
c -1630.63 -2310.49 44.36 -1632.02 -2305.23 44.34 -1629.25 -2315.25 44.38 19.76 0
-1626.82 -2329.88 44.33 0.00 8 trains_old_west01
