479 460 close
c 2493.36 -1482.21 45.15 2495.37 -1482.21 45.15 2491.35 -1482.21 45.15 7.45 0
2485.91 -1482.18 45.14 7.24 0
c 2478.67 -1482.17 45.14 2481.32 -1482.08 45.15 2476.02 -1482.26 45.13 8.67 0
c 2470.02 -1482.73 45.10 2472.86 -1482.28 45.13 2467.18 -1483.17 45.07 8.67 0
c 2461.61 -1484.84 44.97 2464.57 -1483.84 45.01 2458.65 -1485.84 44.93 10.13 0
c 2452.26 -1488.74 44.88 2455.15 -1487.51 44.89 2449.38 -1489.96 44.86 8.68 0
c 2444.30 -1492.20 44.88 2446.92 -1491.04 44.88 2441.67 -1493.36 44.88 8.53 0
c 2436.52 -1495.70 44.88 2439.36 -1494.42 44.88 2433.69 -1496.98 44.88 10.12 0
c 2427.30 -1499.88 44.88 2430.05 -1498.66 44.87 2424.54 -1501.10 44.88 7.96 0
c 2419.98 -1503.01 44.92 2422.21 -1502.11 44.89 2417.74 -1503.92 44.94 6.51 0
c 2413.89 -1505.32 44.96 2416.28 -1504.50 44.93 2411.49 -1506.15 44.99 8.69 0
c 2405.61 -1507.95 44.95 2408.39 -1507.14 44.95 2402.84 -1508.76 44.95 8.68 0
c 2397.22 -1510.17 44.95 2400.25 -1509.49 44.94 2394.19 -1510.84 44.97 9.97 0
c 2387.42 -1512.00 45.02 2390.98 -1511.59 45.00 2383.86 -1512.41 45.03 11.57 0
c 2375.87 -1512.63 45.06 2379.49 -1512.46 45.05 2372.26 -1512.79 45.06 10.13 0
c 2365.75 -1512.98 45.07 2369.13 -1512.89 45.06 2362.37 -1513.07 45.09 10.13 0
c 2355.62 -1513.22 45.15 2359.00 -1513.16 45.13 2352.24 -1513.28 45.17 10.13 0
c 2345.49 -1513.34 45.21 2349.11 -1513.32 45.21 2341.87 -1513.35 45.21 11.58 0
c 2333.91 -1513.31 45.21 2337.75 -1513.35 45.21 2331.02 -1513.28 45.21 8.60 0
c 2325.31 -1513.18 45.21 2328.18 -1513.24 45.21 2324.38 -1513.16 45.21 9.49 4
c 2315.82 -1512.90 45.21 2318.07 -1512.98 45.21 2314.23 -1512.84 45.21 4.90 4
c 2310.92 -1512.69 45.21 2312.62 -1512.77 45.21 2306.83 -1512.50 45.21 13.02 0
c 2297.92 -1511.95 45.21 2302.01 -1512.23 45.21 2293.83 -1511.67 45.21 11.58 0
c 2286.38 -1511.01 45.21 2291.95 -1511.47 45.25 2280.81 -1510.55 45.17 21.96 0
c 2264.50 -1509.14 44.98 2271.33 -1509.30 45.03 2257.67 -1508.98 44.92 19.15 0
c 2245.37 -1510.03 44.87 2251.91 -1509.66 44.90 2238.83 -1510.40 44.85 20.17 0
c 2225.25 -1511.36 45.11 2231.73 -1510.79 45.13 2218.78 -1511.93 45.10 18.86 0
c 2206.51 -1513.46 45.05 2216.17 -1511.86 45.12 2196.84 -1515.06 44.99 39.98 0
c 2167.25 -1520.96 44.34 2180.16 -1518.07 44.50 2154.35 -1523.85 44.19 39.44 0
c 2129.06 -1530.79 44.14 2142.19 -1526.95 44.34 2115.93 -1534.64 43.94 42.70 0
c 2088.47 -1544.02 43.14 2101.60 -1539.51 43.47 2075.35 -1548.53 42.81 40.60 0
c 2050.31 -1557.86 42.15 2062.92 -1552.70 42.36 2037.70 -1563.02 41.94 41.23 0
c 2012.81 -1574.99 41.88 2024.81 -1568.63 42.00 2000.80 -1581.36 41.76 40.43 0
c 1978.30 -1596.04 41.43 1989.39 -1588.28 41.60 1967.21 -1603.81 41.27 40.96 0
c 1946.27 -1621.57 40.87 1957.47 -1613.98 40.73 1935.06 -1629.16 41.02 40.52 0
c 1911.08 -1641.61 42.29 1923.14 -1635.87 41.89 1899.02 -1647.35 42.70 39.87 0
c 1873.91 -1656.01 43.30 1887.07 -1651.50 42.89 1860.76 -1660.52 43.71 43.67 0
c 1832.13 -1668.64 44.75 1845.63 -1664.87 44.09 1818.63 -1672.42 45.42 40.53 0
c 1792.93 -1678.64 47.27 1806.84 -1677.33 46.52 1779.02 -1679.96 48.02 44.37 0
c 1748.65 -1676.54 49.26 1764.58 -1680.62 48.35 1732.72 -1672.46 50.16 56.07 0
c 1697.35 -1654.17 52.72 1714.65 -1662.77 51.43 1680.05 -1645.57 54.01 60.22 0
c 1644.87 -1624.94 57.01 1666.97 -1637.78 54.97 1622.77 -1612.10 59.05 93.69 0
c 1564.72 -1577.11 65.18 1588.01 -1591.32 62.65 1541.43 -1562.89 67.71 70.57 8 freight_group
c 1505.11 -1539.66 70.10 1524.41 -1552.63 68.78 1485.81 -1526.69 71.43 69.26 0
c 1448.90 -1499.31 73.12 1464.58 -1510.92 72.39 1433.22 -1487.70 73.84 47.91 0
c 1411.02 -1470.01 74.46 1423.91 -1480.32 74.12 1398.13 -1459.70 74.80 51.17 0
c 1371.55 -1437.45 75.17 1385.31 -1449.04 75.05 1357.79 -1425.86 75.29 56.79 0
c 1328.44 -1400.48 75.17 1341.90 -1411.98 75.12 1321.34 -1394.41 75.20 27.74 0
c 1307.31 -1382.50 75.34 1314.08 -1388.25 75.27 1301.25 -1377.36 75.40 21.67 1 Station_rho
c 1290.80 -1368.46 75.49 1295.59 -1372.55 75.46 1280.67 -1359.80 75.56 30.54 0
c 1267.67 -1348.52 75.58 1275.07 -1354.99 75.57 1260.27 -1342.05 75.60 28.43 0
c 1246.40 -1329.65 75.58 1253.41 -1336.10 75.58 1239.38 -1323.19 75.58 28.76 0
c 1225.60 -1309.79 75.58 1232.15 -1316.10 75.58 1219.04 -1303.48 75.58 25.82 0
c 1207.07 -1291.81 75.58 1213.92 -1298.58 75.60 1200.21 -1285.04 75.57 32.00 0
c 1184.48 -1269.14 75.50 1191.25 -1276.15 75.65 1177.72 -1262.13 75.35 26.48 0
c 1166.47 -1249.74 74.67 1174.30 -1258.66 75.24 1158.65 -1240.83 74.10 44.79 0
c 1137.53 -1215.65 72.08 1148.07 -1229.25 73.09 1126.99 -1202.05 71.06 58.70 0
c 1103.23 -1168.14 68.57 1114.07 -1184.63 69.50 1092.39 -1151.65 67.63 59.96 0
c 1072.46 -1116.72 66.48 1083.03 -1136.33 66.83 1069.57 -1111.36 66.38 19.71 0
c 1063.43 -1099.20 66.17 1066.34 -1105.04 66.27 1060.52 -1093.36 66.07 19.45 0
c 1055.02 -1081.66 65.90 1057.64 -1087.30 65.98 1052.39 -1076.01 65.83 17.91 0
c 1047.69 -1065.32 65.72 1050.02 -1070.73 65.76 1045.37 -1059.91 65.68 17.43 0
c 1041.07 -1049.20 65.66 1042.81 -1053.73 65.65 1039.33 -1044.68 65.66 11.65 0
c 1037.25 -1038.19 65.73 1038.47 -1042.07 65.69 1036.04 -1034.31 65.78 12.74 0
c 1033.78 -1025.93 65.93 1035.02 -1030.59 65.84 1032.54 -1021.27 66.02 16.20 0
c 1029.83 -1010.22 66.28 1031.45 -1015.54 66.17 1028.21 -1004.89 66.39 16.99 0
c 1023.88 -994.31 66.61 1026.22 -999.65 66.54 1021.53 -988.95 66.69 18.10 0
c 1015.77 -978.12 66.71 1018.43 -983.05 66.70 1013.10 -973.18 66.72 15.77 0
c 1008.08 -964.36 66.67 1012.37 -971.74 66.71 1003.78 -956.96 66.64 35.52 0
c 989.99 -933.79 66.51 996.98 -944.70 66.47 983.00 -922.88 66.54 42.29 0
c 966.13 -898.88 66.90 974.79 -911.11 66.78 957.47 -886.64 67.02 47.82 0
c 936.93 -861.01 67.24 946.04 -872.82 66.91 927.81 -849.20 67.56 38.57 0
c 913.03 -830.78 68.86 919.77 -840.20 68.68 906.29 -821.36 69.03 31.03 0
c 897.61 -803.86 68.27 900.10 -812.32 68.49 895.13 -795.40 68.05 23.84 0
c 898.14 -780.04 67.54 896.98 -788.16 67.64 899.29 -771.91 67.43 25.74 0
c 904.55 -755.11 67.64 902.34 -761.69 67.59 906.76 -748.53 67.70 16.10 0
c 911.40 -740.54 67.87 909.05 -745.36 67.79 913.74 -735.72 67.96 16.09 0
c 918.64 -726.17 68.13 916.44 -731.07 68.04 920.83 -721.27 68.22 16.14 0
c 924.54 -711.16 68.40 923.28 -716.33 68.32 925.81 -705.99 68.49 16.09 0
c 926.22 -695.16 68.64 926.39 -700.47 68.59 926.05 -689.85 68.70 15.87 0
c 923.60 -679.51 68.76 925.25 -685.46 68.71 921.95 -673.56 68.80 16.33 0
c 917.31 -664.44 68.93 918.32 -666.16 68.90 916.30 -662.72 68.96 12.45 0
c 910.04 -654.34 69.28 913.98 -658.77 69.07 905.17 -648.85 69.53 25.50 0
c 888.89 -640.16 70.55 897.26 -644.03 70.03 879.46 -635.79 71.14 30.95 0
c 859.89 -629.50 72.37 869.03 -632.38 71.80 850.12 -626.43 72.99 30.48 0
c 829.64 -626.43 74.51 839.85 -626.89 73.80 821.84 -626.08 75.05 23.55 0
c 806.60 -621.75 75.80 814.07 -625.18 75.53 789.36 -613.83 76.45 64.02 0
c 756.45 -581.96 76.22 770.98 -594.30 76.15 741.92 -569.61 76.29 50.48 0
c 719.41 -547.66 76.22 729.65 -556.45 76.22 709.17 -538.87 76.22 30.56 0
c 695.02 -529.24 76.22 703.92 -534.26 76.22 686.12 -524.22 76.22 31.29 0
c 666.00 -517.53 76.22 675.30 -520.00 76.22 656.71 -515.06 76.22 26.92 0
c 639.27 -514.40 76.22 649.64 -514.57 76.22 628.90 -514.23 76.22 35.54 0
c 603.79 -516.52 76.22 616.21 -515.37 76.22 591.38 -517.67 76.22 39.30 0
c 564.79 -521.30 76.22 580.78 -520.33 76.22 548.80 -522.28 76.22 56.94 0
c 507.86 -522.36 76.22 529.76 -522.59 76.22 485.95 -522.13 76.22 74.52 0
c 433.38 -519.92 76.22 454.15 -521.51 75.98 412.60 -518.34 76.46 50.71 0
c 383.19 -512.84 77.65 398.25 -516.29 77.12 368.13 -509.40 78.19 42.46 0
c 343.00 -499.26 79.44 355.52 -504.96 78.93 330.48 -493.57 79.95 32.89 0
c 314.74 -482.48 80.70 324.47 -486.78 80.37 305.00 -478.19 81.03 31.46 0
c 284.60 -473.49 81.41 294.53 -476.11 81.12 274.66 -470.86 81.69 30.26 0
c 255.12 -466.71 82.41 265.98 -470.81 81.90 244.27 -462.62 82.92 39.89 0
c 219.49 -448.91 84.46 231.35 -456.46 83.77 207.63 -441.37 85.16 44.93 0
c 183.99 -421.46 86.58 196.31 -428.52 85.85 171.67 -414.40 87.31 41.30 0
c 145.55 -406.54 88.85 159.75 -411.68 88.35 131.35 -401.39 89.35 49.41 0
c 98.80 -390.57 89.59 107.42 -394.04 89.39 90.17 -387.09 89.79 32.99 0
c 69.62 -375.17 90.07 79.13 -381.38 89.89 60.11 -368.97 90.25 46.52 8 trains_intersection1_3
c 24.13 -365.46 90.89 42.25 -366.18 90.57 6.01 -364.74 91.21 47.66 0
c -22.45 -355.48 92.01 -7.18 -363.62 91.43 -37.73 -347.34 92.59 55.61 0
c -63.20 -317.72 94.37 -48.03 -327.97 94.14 -78.38 -307.46 94.60 63.88 0
c -122.87 -294.94 93.39 -104.10 -300.33 94.01 -141.64 -289.56 92.76 52.71 0
c -174.89 -286.89 90.61 -157.12 -285.23 91.43 -192.66 -288.54 89.80 55.54 0
c -229.47 -296.94 88.48 -211.78 -291.49 88.89 -247.16 -302.39 88.08 56.35 0
c -281.05 -319.61 88.18 -272.58 -315.30 88.16 -283.99 -321.10 88.19 47.04 8 trains3
c -322.99 -340.90 87.28 -322.69 -340.75 87.29 -329.54 -344.22 87.08 119.82 6 Station_hea_south
c -429.81 -395.08 83.97 -394.90 -377.35 85.09 -466.35 -413.63 82.80 146.88 0
c -560.70 -461.59 79.71 -510.51 -436.10 81.38 -606.56 -484.87 78.18 147.36 0
c -692.04 -528.27 75.34 -652.06 -507.97 76.66 -761.76 -563.67 73.04 147.35 0
c -823.38 -594.96 71.36 -814.68 -590.54 71.36 -850.98 -609.01 71.36 68.76 0
c -884.84 -625.79 71.36 -862.29 -618.98 71.21 -907.40 -632.61 71.51 45.60 0
c -929.55 -634.75 71.72 -922.34 -633.88 71.64 -935.87 -635.36 71.81 19.04 0
c -948.54 -636.04 72.04 -941.69 -635.79 71.92 -955.72 -635.99 72.21 27.12 8 spooni02
c -975.61 -634.43 72.60 -964.62 -635.77 72.38 -985.60 -633.07 72.81 30.83 0
c -1005.87 -628.55 73.32 -995.97 -631.12 73.05 -1014.89 -626.16 73.61 19.48 0
c -1024.61 -623.27 73.98 -1019.71 -624.78 73.78 -1028.04 -622.14 74.13 10.80 0
c -1034.87 -619.92 74.47 -1030.72 -621.35 74.25 -1039.09 -618.34 74.75 16.06 0
c -1049.66 -613.78 75.74 -1047.86 -614.57 75.50 -1052.47 -612.43 76.07 8.44 8 spooni01
c -1057.04 -609.79 76.65 -1054.24 -611.25 76.27 -1062.01 -607.04 77.33 17.75 0
c -1072.19 -600.79 78.75 -1067.60 -603.65 78.12 -1074.56 -599.13 79.07 17.35 1 Station_riggs
c -1086.48 -591.08 80.30 -1077.58 -597.07 79.45 -1099.01 -582.23 80.98 35.86 0
c -1115.27 -569.73 81.61 -1109.91 -574.35 81.40 -1125.58 -560.86 82.03 52.36 0
c -1154.56 -535.45 86.39 -1140.86 -547.18 84.89 -1179.15 -514.39 89.09 109.58 0
c -1236.62 -463.34 95.07 -1214.27 -485.17 92.86 -1258.97 -441.52 97.28 52.97 0
c -1268.81 -421.35 97.53 -1260.27 -435.02 96.87 -1277.35 -407.67 98.20 44.36 0
c -1287.86 -381.32 99.08 -1283.02 -394.18 98.65 -1292.71 -368.43 99.50 38.55 0
c -1297.88 -344.11 100.10 -1295.35 -355.11 99.93 -1300.41 -333.10 100.27 29.29 0
c -1303.03 -315.27 100.10 -1301.47 -324.07 100.10 -1304.60 -306.45 100.10 24.38 0
c -1307.26 -291.26 100.10 -1306.35 -297.33 100.10 -1308.17 -285.21 100.10 16.53 8 trains_intersection1_app
c -1309.66 -274.91 100.10 -1308.98 -279.75 100.10 -1310.35 -270.05 100.10 12.86 0
c -1311.38 -262.16 100.10 -1310.88 -266.09 100.10 -1311.88 -258.23 100.10 10.94 0
c -1312.67 -251.30 100.10 -1312.21 -255.15 100.10 -1313.13 -247.45 100.10 12.34 0
c -1314.14 -239.04 100.10 -1313.46 -243.21 100.10 -1314.81 -234.90 100.10 12.94 0
c -1316.73 -226.36 100.10 -1315.59 -230.62 100.10 -1317.86 -222.12 100.10 13.49 0
c -1320.95 -213.55 100.10 -1319.44 -217.74 100.10 -1322.47 -209.33 100.09 13.32 0
c -1325.80 -201.14 100.10 -1323.94 -205.23 100.10 -1327.67 -197.03 100.08 13.75 0
c -1332.16 -188.95 100.04 -1329.95 -192.71 100.04 -1334.37 -185.18 100.04 12.49 0
c -1339.08 -178.55 100.10 -1336.61 -181.99 100.10 -1341.55 -175.12 100.10 13.10 0
c -1347.49 -168.51 100.04 -1344.09 -172.24 100.04 -1350.88 -164.78 100.04 17.18 0
c -1359.44 -156.17 100.10 -1356.19 -159.59 100.09 -1362.70 -152.74 100.10 10.96 0
c -1366.77 -148.02 100.08 -1364.77 -150.32 100.09 -1368.77 -145.73 100.08 13.87 0
c -1375.64 -137.36 100.04 -1374.16 -139.27 100.04 -1380.38 -131.23 100.04 24.76 8 trains_intersection1_app
c -1390.80 -117.78 100.10 -1384.80 -125.27 100.08 -1396.80 -110.28 100.11 32.86 0
c -1411.66 -92.39 100.10 -1403.56 -102.22 100.10 -1419.76 -82.55 100.10 43.57 0
c -1439.38 -58.77 100.10 -1428.46 -73.33 100.10 -1450.30 -44.21 100.10 65.68 0
c -1477.17 -5.05 100.10 -1466.69 -24.03 99.44 -1487.65 13.93 100.75 65.28 0
c -1502.26 55.10 104.00 -1495.75 34.87 103.39 -1508.77 75.32 104.60 62.81 0
c -1516.26 116.32 103.71 -1513.45 97.02 103.80 -1519.07 135.62 103.63 54.59 0
c -1514.38 170.88 103.48 -1516.88 152.95 103.55 -1511.89 188.80 103.41 54.81 0
c -1501.40 224.13 103.30 -1509.26 204.78 104.10 -1493.54 243.49 102.49 71.97 0
c -1466.54 287.01 100.01 -1483.23 268.23 100.94 -1449.86 305.78 99.09 80.40 0
c -1399.79 331.77 97.72 -1421.60 320.98 98.31 -1377.99 342.55 97.13 73.19 0
c -1337.99 370.90 95.11 -1356.72 359.25 95.78 -1333.31 373.81 94.94 16.96 1 Station_wallace
c -1325.11 381.92 94.67 -1329.04 377.57 94.80 -1321.17 386.26 94.54 18.17 0
c -1314.20 396.45 94.32 -1317.57 391.20 94.42 -1307.46 406.95 94.10 37.83 0
c -1296.10 429.66 93.70 -1301.67 418.73 93.92 -1284.95 451.54 93.27 76.66 0
c -1271.12 502.12 92.54 -1279.62 483.92 92.75 -1262.62 520.33 92.33 45.08 0
c -1245.25 539.04 92.45 -1254.99 529.19 92.45 -1235.51 548.90 92.45 39.43 0
c -1212.68 561.26 92.54 -1224.65 555.75 92.48 -1200.71 566.77 92.59 40.78 0
c -1173.33 571.96 92.77 -1187.01 569.95 92.67 -1159.64 573.97 92.88 42.78 0
c -1130.57 573.33 93.19 -1145.11 573.65 93.04 -1127.83 573.27 93.22 8.18 0
c -1122.39 573.61 93.21 -1125.09 573.46 93.21 -1119.69 573.76 93.22 8.04 0
c -1114.37 574.24 93.22 -1117.05 573.94 93.22 -1111.69 574.54 93.22 8.15 0
c -1106.31 575.41 93.21 -1108.96 574.91 93.21 -1103.66 575.92 93.21 8.06 0
c -1098.46 577.25 93.20 -1101.04 576.52 93.20 -1095.89 577.97 93.20 8.02 0
c -1090.85 579.79 93.19 -1093.34 578.82 93.19 -1088.36 580.75 93.19 8.02 0
c -1083.52 583.03 93.19 -1085.91 581.84 93.19 -1081.13 584.22 93.19 8.04 0
c -1076.49 586.94 93.19 -1078.76 585.52 93.19 -1074.23 588.36 93.19 8.00 0
c -1069.94 591.53 93.18 -1072.03 589.87 93.19 -1067.85 593.20 93.17 8.05 0
c -1063.97 596.93 93.14 -1065.87 595.04 93.16 -1062.06 598.83 93.12 8.08 0
c -1058.50 602.88 93.07 -1060.25 600.84 93.10 -1056.75 604.93 93.05 8.08 0
c -1053.47 609.20 93.00 -1055.08 607.06 93.02 -1051.85 611.35 92.97 8.05 0
c -1048.82 615.77 92.91 -1050.39 613.55 92.94 -1047.25 617.99 92.88 16.17 0
c -1040.28 629.50 92.83 -1041.65 627.20 92.84 -1038.90 631.81 92.82 16.09 0
c -1032.02 643.30 92.76 -1033.45 641.09 92.77 -1030.60 645.50 92.76 7.74 0
-1027.63 649.67 92.73 15.39 0
c -1018.23 661.85 93.14 -1021.44 658.02 92.94 -1015.02 665.68 93.33 14.64 0
c -1008.39 672.66 93.83 -1012.86 668.41 93.60 -1004.46 676.41 94.04 14.59 0
c -997.57 682.44 94.39 -1001.54 679.31 94.20 -994.02 685.26 94.55 17.68 0
c -982.87 692.24 94.97 -987.92 689.18 94.79 -980.17 693.87 95.07 9.46 0
c -974.64 696.89 95.24 -977.40 695.38 95.16 -972.20 698.22 95.32 8.33 4
c -967.27 700.78 95.46 -969.73 699.48 95.39 -961.86 703.63 95.63 18.36 4
c -950.92 709.12 95.94 -956.37 706.34 95.78 -946.12 711.57 96.08 16.16 4
c -936.47 716.34 96.38 -941.29 713.93 96.23 -931.34 718.90 96.53 17.21 4
c -921.09 724.07 96.92 -926.22 721.49 96.74 -915.32 726.97 97.12 18.62 4
c -904.59 732.65 97.62 -909.63 730.04 97.42 -898.99 735.54 97.85 17.37 0
c -889.14 740.57 98.20 -894.53 737.79 98.01 -883.75 743.35 98.39 19.05 0
c -872.23 749.33 98.75 -877.35 746.66 98.56 -867.11 752.00 98.94 15.62 0
c -858.42 756.60 99.37 -863.16 753.82 99.06 -853.68 759.39 99.67 17.46 0
c -843.78 766.04 100.58 -848.33 763.01 100.18 -839.23 769.08 100.98 15.45 0
c -831.12 774.83 101.76 -835.25 771.47 101.33 -826.99 778.19 102.19 16.70 0
c -818.98 786.22 103.15 -822.74 782.14 102.71 -815.22 790.30 103.59 16.78 0
c -808.54 799.30 104.38 -811.82 795.01 103.96 -805.27 803.59 104.81 15.72 0
c -799.33 811.97 105.70 -802.31 807.69 105.26 -796.35 816.24 106.14 15.67 0
c -790.66 824.95 107.04 -793.35 820.83 106.61 -787.96 829.07 107.46 13.99 0
c -783.17 836.70 108.24 -785.74 832.77 107.85 -780.60 840.63 108.62 14.26 0
c -775.25 848.51 109.33 -777.99 844.26 108.96 -772.51 852.75 109.70 16.15 0
c -766.73 862.18 110.45 -769.59 857.65 110.06 -763.87 866.70 110.83 16.06 0
c -758.08 875.66 111.63 -760.78 871.46 111.28 -755.37 879.86 111.97 14.00 0
c -750.47 887.38 112.53 -753.09 883.51 112.20 -747.86 891.26 112.87 14.11 0
c -742.40 898.90 113.63 -745.57 895.03 113.24 -739.24 902.77 114.02 16.05 0
c -731.48 910.59 114.88 -735.35 906.69 114.47 -727.61 914.49 115.29 17.02 0
c -719.17 922.28 116.07 -723.14 918.55 115.70 -715.21 926.02 116.45 15.73 0
c -707.72 933.01 117.15 -711.67 929.22 116.77 -704.48 936.11 117.45 12.44 0
c -698.71 941.54 118.00 -702.97 937.11 117.57 -697.78 942.51 118.09 30.30 0
c -678.34 963.88 120.06 -687.15 953.62 119.13 -675.15 967.60 120.39 18.91 0
c -666.21 978.33 121.35 -671.22 972.26 120.81 -661.00 984.64 121.91 32.74 0
c -645.57 1003.64 123.60 -653.75 993.54 122.71 -638.34 1012.57 124.40 36.81 0
c -622.50 1032.21 126.14 -630.40 1022.41 125.27 -607.03 1051.40 127.84 63.87 0
c -582.52 1081.82 130.53 -594.54 1066.91 129.23 -570.50 1096.73 131.83 51.31 0
c -550.36 1121.66 133.93 -566.05 1102.58 132.40 -534.67 1140.74 135.46 97.20 0
c -488.37 1196.31 139.72 -509.68 1170.04 137.67 -467.06 1222.58 141.77 106.15 0
c -422.48 1279.28 146.24 -439.06 1257.40 144.48 -405.90 1301.16 147.99 59.79 3 
c -386.61 1326.95 150.26 -396.38 1312.52 149.04 -376.82 1341.39 151.47 45.25 0
c -363.81 1365.90 153.52 -371.24 1349.91 152.38 -356.37 1381.89 154.65 60.92 0
c -344.29 1423.50 157.09 -349.99 1404.79 155.98 -338.59 1442.20 158.20 56.63 0
c -329.62 1478.11 160.15 -334.23 1460.36 159.08 -325.01 1495.87 161.23 53.63 0
c -316.64 1530.04 163.52 -322.56 1512.16 162.46 -310.72 1547.92 164.59 59.83 0
c -294.12 1585.39 166.55 -304.67 1567.52 165.54 -283.57 1603.26 167.56 66.04 0
c -253.35 1637.26 169.60 -269.65 1621.15 168.67 -237.04 1653.38 170.52 72.58 0
c -196.31 1682.07 172.08 -223.63 1668.24 171.21 -181.88 1689.37 172.53 49.18 4
c -151.58 1702.47 173.57 -166.93 1696.15 173.06 -137.88 1708.11 174.01 44.88 0
c -109.61 1718.32 174.76 -123.86 1713.38 174.44 -99.49 1721.83 175.00 32.98 0
c -78.51 1729.28 175.32 -89.07 1725.65 175.17 -67.94 1732.92 175.47 33.46 0
c -46.55 1739.14 175.74 -57.26 1736.37 175.60 -36.02 1741.86 175.88 31.97 0
c -15.09 1744.85 176.21 -25.48 1743.93 176.02 -0.92 1746.10 176.47 48.61 0
c 33.51 1744.33 176.93 17.85 1745.21 176.46 49.17 1743.45 177.39 45.62 0
c 78.87 1739.58 178.11 67.91 1740.81 177.72 89.83 1738.35 178.49 20.59 4
c 99.26 1736.94 179.24 91.27 1738.02 178.72 107.25 1735.86 179.76 27.89 4
c 126.81 1733.10 181.24 111.81 1734.66 180.55 134.59 1732.29 181.60 31.28 4
c 157.84 1729.49 182.85 147.43 1730.55 182.25 168.24 1728.43 183.44 31.62 0
c 189.27 1726.75 184.83 179.17 1726.99 184.24 199.37 1726.51 185.43 29.26 0
c 218.45 1728.02 186.42 209.20 1726.07 186.14 227.71 1729.98 186.71 28.36 0
244.81 1738.49 186.53 37.87 0
278.46 1755.85 186.53 30.05 0
c 306.11 1767.64 186.78 296.00 1763.88 186.75 316.22 1771.41 186.81 34.76 0
c 339.15 1778.44 186.70 325.42 1775.22 186.71 352.87 1781.65 186.68 50.04 0
c 388.46 1786.93 186.69 372.18 1785.48 186.68 396.53 1787.65 186.70 26.02 0
c 414.47 1787.72 186.77 405.83 1787.80 186.73 423.26 1787.64 186.80 18.99 0
c 433.46 1787.30 186.85 427.86 1787.65 186.84 439.05 1786.95 186.86 14.68 0
c 448.04 1785.61 186.84 443.55 1786.34 186.84 452.54 1784.87 186.83 12.68 0
c 460.43 1782.90 186.82 457.12 1783.70 186.83 463.74 1782.11 186.82 7.76 0
c 467.91 1780.85 186.81 465.08 1781.70 186.82 470.74 1779.99 186.80 9.97 0
c 477.40 1777.78 186.78 474.27 1778.92 186.79 480.52 1776.65 186.77 9.99 0
c 486.66 1774.05 186.75 483.77 1775.30 186.76 489.56 1772.80 186.75 8.92 0
c 494.76 1770.29 186.75 491.90 1771.71 186.74 497.60 1768.88 186.75 10.18 0
c 503.76 1765.54 186.75 500.57 1767.37 186.75 506.96 1763.72 186.76 11.91 0
c 513.92 1759.33 186.77 510.15 1761.86 186.76 517.69 1756.81 186.79 15.34 0
c 526.38 1750.38 186.84 522.08 1753.65 186.81 530.67 1747.11 186.86 17.06 0
c 539.68 1739.71 186.94 534.64 1743.78 186.92 544.73 1735.65 186.96 21.82 0
c 556.65 1725.99 186.97 550.61 1730.90 186.98 562.68 1721.09 186.96 24.86 8 trains_rob3
c 575.90 1710.26 186.88 569.12 1716.64 186.93 582.68 1703.89 186.83 31.11 0
c 597.35 1687.73 186.68 591.64 1695.74 186.73 603.07 1679.71 186.62 28.62 0
c 610.22 1662.17 186.54 605.68 1670.31 186.57 614.76 1654.04 186.52 27.33 8 trains_rob3
c 624.60 1638.93 186.52 618.82 1645.87 186.45 630.37 1631.99 186.59 27.38 0
c 644.88 1620.53 186.96 637.74 1626.06 186.79 652.01 1615.00 187.13 26.92 0
c 667.38 1605.76 187.53 659.26 1610.28 187.32 675.50 1601.24 187.74 28.99 0
c 693.61 1593.43 188.20 684.53 1596.83 187.90 702.70 1590.02 188.50 29.45 0
c 721.90 1585.32 189.35 712.07 1587.01 188.97 731.73 1583.64 189.73 30.77 0
c 752.59 1583.31 190.49 742.97 1582.80 190.12 762.21 1583.82 190.85 27.55 0
c 779.64 1588.40 191.56 770.19 1585.04 191.29 788.57 1591.57 191.82 26.83 0
c 803.78 1600.10 192.09 797.29 1596.10 192.05 810.26 1604.10 192.14 19.26 3 
819.48 1611.25 191.82 16.61 3 
c 832.30 1621.82 191.71 824.99 1615.71 191.73 839.61 1627.92 191.69 40.52 3 
c 863.34 1647.86 191.71 852.99 1639.18 191.72 879.57 1661.47 191.70 56.99 3 
c 906.99 1684.49 191.70 895.63 1674.88 191.70 918.25 1694.01 191.70 30.74 3 
c 931.07 1703.61 191.70 923.51 1698.20 191.70 944.19 1713.01 191.70 30.48 3 
c 957.39 1718.98 191.70 953.23 1717.66 191.70 961.15 1720.18 191.70 12.02 3 
968.90 1722.45 191.71 322.50 3 
c 1277.21 1817.04 191.70 1174.44 1785.51 191.70 1302.81 1824.89 191.70 80.78 3 
c 1354.37 1840.94 191.30 1328.21 1832.87 191.82 1362.15 1843.34 191.15 23.56 0
c 1377.28 1846.43 190.90 1369.82 1844.88 191.00 1384.75 1847.98 190.80 23.49 0
c 1400.62 1849.05 190.81 1387.95 1847.57 190.78 1413.29 1850.54 190.84 52.81 0
c 1453.33 1852.30 190.68 1434.17 1852.08 190.66 1472.49 1852.52 190.70 62.30 0
c 1515.60 1850.33 190.92 1495.98 1851.31 190.92 1535.23 1849.35 190.92 55.64 0
c 1571.10 1846.40 191.26 1555.39 1847.83 191.26 1586.81 1844.97 191.26 39.02 3 
c 1609.86 1841.90 191.49 1598.60 1843.30 191.49 1621.13 1840.50 191.49 29.08 3 
c 1638.68 1837.99 191.59 1628.65 1839.38 191.59 1648.72 1836.60 191.59 31.70 3 
c 1670.07 1833.56 191.61 1656.56 1835.43 191.61 1683.58 1831.69 191.61 50.14 3 
c 1719.75 1826.78 191.12 1704.45 1829.89 191.26 1735.06 1823.67 190.97 43.81 0
c 1761.92 1814.90 190.79 1744.06 1820.84 190.95 1779.77 1808.96 190.63 69.14 0
c 1826.86 1791.16 190.77 1805.77 1797.59 190.66 1847.96 1784.72 190.88 63.40 0
c 1888.49 1776.29 190.98 1871.41 1778.87 190.86 1905.56 1773.71 191.11 40.82 0
c 1929.31 1775.68 191.10 1916.53 1774.50 191.10 1942.08 1776.86 191.10 36.64 0
c 1965.14 1783.36 191.26 1952.62 1779.12 191.26 1968.98 1784.66 191.26 12.98 0
c 1977.25 1788.04 191.21 1973.08 1786.27 191.24 1986.69 1792.06 191.15 30.12 4
c 2004.40 1801.07 191.04 1996.49 1796.95 191.04 2015.81 1807.01 191.04 34.80 4
c 2033.58 1820.04 190.95 2022.41 1812.36 190.98 2044.75 1827.72 190.92 46.54 0
c 2071.42 1847.13 190.88 2059.21 1838.18 190.81 2083.63 1856.08 190.96 44.32 0
c 2106.86 1873.74 191.40 2095.55 1865.54 192.01 2118.17 1881.94 190.79 44.05 4
c 2142.85 1899.02 188.98 2128.19 1889.63 189.87 2157.51 1908.42 188.10 60.62 4
c 2194.82 1930.10 186.09 2175.17 1921.09 187.24 2214.48 1939.12 184.94 69.60 0
c 2260.23 1953.54 182.07 2240.83 1942.05 183.24 2279.63 1965.03 180.90 68.41 8 freight_group
c 2311.24 1999.02 179.06 2296.66 1983.78 179.88 2323.14 2011.45 178.39 48.29 4
c 2340.82 2037.16 177.49 2331.12 2025.15 178.00 2343.01 2039.87 177.38 10.44 4
c 2347.71 2045.00 177.13 2345.28 2042.49 177.26 2360.89 2058.61 176.42 55.65 0
c 2390.33 2080.71 174.82 2375.11 2069.50 175.66 2405.55 2091.92 173.98 58.07 0
c 2439.00 2112.26 172.08 2422.75 2102.06 173.06 2455.25 2122.46 171.10 57.22 0
c 2487.86 2141.88 168.95 2470.16 2130.58 170.07 2505.56 2153.18 167.82 68.97 0
c 2545.20 2180.04 165.33 2526.33 2168.91 166.58 2564.07 2191.17 164.07 62.88 0
c 2601.06 2208.64 161.43 2581.92 2200.89 162.48 2620.20 2216.39 160.38 61.70 0
c 2660.06 2226.53 159.03 2640.75 2222.97 159.38 2679.37 2230.09 158.68 56.95 0
c 2716.90 2230.03 159.32 2698.71 2231.08 159.33 2735.08 2228.98 159.32 53.18 0
c 2769.17 2220.22 159.18 2752.43 2227.30 159.22 2785.91 2213.14 159.14 58.20 0
c 2817.35 2187.57 159.08 2803.71 2201.40 159.16 2830.99 2173.74 159.01 60.53 0
c 2850.99 2137.25 159.26 2840.48 2154.71 159.23 2861.50 2119.79 159.28 61.91 0
c 2880.40 2082.80 157.65 2872.82 2096.36 158.50 2887.98 2069.24 156.81 31.55 0
c 2896.46 2055.87 154.20 2890.60 2065.61 155.64 2902.31 2046.13 152.76 37.20 0
c 2915.52 2024.37 148.88 2908.38 2035.25 150.94 2922.65 2013.50 146.83 41.86 0
c 2939.25 1990.61 141.86 2931.74 1999.45 143.92 2946.75 1981.78 139.80 29.19 0
c 2960.55 1971.38 136.50 2953.22 1977.52 138.18 2967.88 1965.24 134.82 29.12 0
c 2983.25 1953.76 131.80 2974.40 1959.83 133.59 2992.11 1947.68 129.99 36.30 0
c 3013.68 1934.93 125.71 3001.18 1944.93 128.32 3026.18 1924.94 123.09 61.37 0
c 3058.23 1893.82 116.13 3046.31 1906.51 118.86 3070.15 1881.13 113.39 44.74 0
c 3085.19 1858.78 109.30 3077.25 1871.62 111.52 3093.12 1845.95 107.08 47.21 0
c 3105.84 1816.82 102.83 3099.37 1832.88 105.28 3112.32 1800.75 100.37 57.99 0
c 3124.06 1762.39 94.57 3118.79 1781.18 97.47 3129.34 1743.60 91.67 60.53 0
c 3137.49 1704.08 85.42 3134.02 1721.77 88.21 3140.95 1686.39 82.62 48.97 0
c 3144.87 1656.27 77.80 3143.99 1670.14 79.99 3145.75 1642.41 75.61 35.86 0
c 3142.74 1620.90 72.29 3144.21 1632.49 74.18 3141.27 1609.31 70.40 35.28 0
c 3136.07 1586.75 66.47 3139.13 1597.29 68.33 3133.00 1576.21 64.60 31.79 0
c 3124.36 1557.69 61.10 3129.44 1566.59 62.77 3119.28 1548.78 59.42 31.13 0
c 3105.58 1533.31 56.43 3113.20 1540.92 57.78 3097.96 1525.69 55.08 34.50 0
c 3078.65 1512.02 53.00 3086.84 1517.37 53.89 3070.46 1506.67 52.11 24.81 0
c 3056.41 1501.20 51.09 3062.19 1504.37 51.63 3050.64 1498.03 50.54 14.91 0
c 3044.02 1493.02 49.74 3048.18 1496.41 50.15 3039.86 1489.63 49.33 15.72 0
c 3032.64 1482.22 48.74 3036.53 1486.24 49.13 3028.76 1478.22 48.35 16.47 8 trains_intersection1_ann
c 3022.83 1469.05 47.55 3025.44 1473.14 47.91 3020.22 1464.96 47.18 14.58 0
c 3015.81 1456.31 46.49 3017.87 1461.19 46.79 3013.75 1451.42 46.19 17.43 0
c 3010.48 1439.73 45.74 3012.26 1445.68 46.02 3008.69 1433.78 45.47 19.91 0
c 3005.08 1420.59 44.82 3007.40 1427.83 45.23 3002.76 1413.34 44.41 25.81 0
c 2996.58 1396.27 43.30 2999.60 1404.03 43.61 2993.56 1388.52 42.99 24.22 0
c 2986.95 1374.05 42.95 2990.01 1382.71 43.01 2983.89 1365.39 42.89 31.00 0
c 2978.22 1344.30 42.94 2980.36 1351.68 42.94 2976.08 1336.92 42.95 15.12 1 Station_anns
c 2974.09 1329.75 42.97 2975.39 1334.41 42.96 2972.79 1325.10 42.99 13.85 0
c 2970.43 1316.39 43.02 2971.71 1320.81 43.00 2969.15 1311.98 43.03 13.73 0
c 2966.40 1303.27 43.04 2968.06 1307.83 43.04 2964.74 1298.71 43.05 15.43 0
c 2960.47 1289.03 43.07 2962.78 1293.99 43.06 2958.16 1284.07 43.08 17.32 0
c 2952.65 1273.58 43.08 2955.61 1278.23 43.07 2949.68 1268.93 43.09 15.95 0
c 2942.70 1261.12 43.12 2945.97 1264.59 43.07 2939.42 1257.65 43.18 12.82 0
c 2932.99 1252.75 43.40 2936.40 1255.49 43.29 2929.58 1250.01 43.50 13.46 0
c 2922.22 1244.68 43.76 2926.02 1247.76 43.67 2918.42 1241.61 43.85 15.88 0
c 2910.15 1234.37 43.96 2913.96 1237.56 43.89 2906.34 1231.19 44.03 13.92 0
c 2899.35 1225.59 44.03 2903.22 1228.93 44.01 2895.48 1222.25 44.05 16.79 0
c 2886.91 1214.32 44.08 2890.96 1218.35 44.05 2882.86 1210.29 44.10 19.80 0
c 2873.65 1199.61 44.21 2879.19 1207.63 44.10 2868.14 1191.65 44.32 38.95 8 trains_intersection1_ann
c 2852.43 1166.96 45.01 2859.09 1179.40 44.85 2845.77 1154.52 45.18 43.78 0
c 2835.08 1126.77 45.16 2839.68 1142.29 45.05 2830.47 1111.25 45.26 53.91 0
c 2824.82 1073.85 45.65 2826.19 1093.97 45.38 2823.45 1053.73 45.92 67.82 0
c 2826.85 1006.07 46.80 2824.91 1025.11 46.47 2828.79 987.03 47.12 47.46 0
c 2836.44 959.59 47.59 2832.80 974.20 47.30 2840.09 944.97 47.88 43.00 0
c 2848.73 918.39 48.52 2843.66 931.24 48.29 2853.80 905.55 48.76 40.22 0
c 2866.87 882.50 49.03 2860.92 894.22 48.90 2872.81 870.81 49.15 38.55 0
c 2884.40 848.17 49.28 2879.14 860.05 49.17 2889.65 836.31 49.39 39.45 0
c 2898.39 811.28 49.69 2894.78 823.14 49.52 2902.00 799.43 49.86 35.09 0
c 2906.07 777.05 50.28 2904.14 789.42 49.96 2908.00 764.69 50.60 40.17 0
c 2909.95 737.09 51.60 2909.67 750.23 51.03 2910.24 723.94 52.17 39.02 0
c 2907.78 698.18 53.71 2909.52 711.03 53.03 2906.04 685.34 54.38 39.08 0
c 2899.53 660.03 55.65 2902.71 672.66 55.15 2896.35 647.40 56.16 39.17 8 freight_group
c 2888.71 622.40 56.73 2892.47 634.92 56.50 2884.96 609.90 56.96 39.23 0
c 2876.99 584.97 57.03 2881.40 597.24 57.00 2872.58 572.70 57.06 39.07 0
c 2862.26 548.78 56.91 2867.48 560.73 56.99 2857.04 536.83 56.84 39.18 0
c 2845.66 513.29 56.59 2851.41 525.12 56.72 2839.91 501.47 56.46 39.70 0
c 2827.77 477.85 56.13 2832.78 487.61 56.27 2822.76 468.09 56.00 26.13 0
c 2815.61 454.73 55.78 2818.68 460.53 55.87 2812.55 448.93 55.69 17.68 4
c 2807.26 439.14 55.59 2811.40 446.81 55.72 2803.12 431.47 55.46 34.64 4
c 2790.76 408.70 54.98 2796.97 420.14 55.19 2784.54 397.23 54.76 39.16 0
c 2772.06 374.30 54.30 2778.13 385.82 54.54 2765.98 362.76 54.06 39.07 0
c 2754.30 339.51 53.55 2760.41 355.25 53.83 2748.19 323.77 53.27 62.57 0
c 2735.41 279.86 52.64 2739.75 300.10 52.92 2731.07 259.63 52.36 62.18 0
c 2728.26 218.10 51.88 2729.01 238.81 52.23 2727.52 197.38 51.53 62.59 0
c 2730.96 155.58 50.55 2726.12 175.38 51.16 2735.80 135.78 49.94 62.16 0
c 2757.29 99.32 48.21 2748.71 118.16 48.97 2765.87 80.48 47.45 62.14 0
c 2782.44 42.54 45.98 2777.69 62.43 46.58 2787.19 22.65 45.37 62.65 0
c 2785.79 -20.01 44.56 2787.27 0.58 45.06 2784.31 -40.59 44.07 62.18 0
c 2773.55 -80.95 43.01 2778.68 -60.91 43.49 2768.42 -100.98 42.54 62.11 0
c 2755.01 -140.21 41.69 2761.16 -120.35 42.02 2748.86 -160.07 41.36 62.64 0
c 2736.64 -200.09 41.05 2743.22 -180.34 41.09 2730.06 -219.84 41.01 62.32 0
c 2715.54 -258.73 41.46 2722.84 -239.20 41.24 2711.32 -270.01 41.59 36.26 0
c 2702.41 -292.52 41.80 2706.19 -282.76 41.68 2698.64 -302.27 41.92 26.51 0
c 2692.89 -317.26 42.01 2696.28 -308.39 41.91 2689.49 -326.16 42.11 30.57 0
c 2682.04 -345.84 42.28 2685.53 -336.03 42.21 2678.55 -355.64 42.34 31.89 0
c 2671.94 -376.08 42.41 2674.99 -366.18 42.36 2668.89 -385.98 42.47 30.27 0
c 2663.76 -405.23 42.60 2665.78 -395.30 42.58 2661.73 -415.17 42.63 30.74 0
c 2659.79 -435.71 42.57 2659.81 -422.97 42.66 2659.77 -448.45 42.48 46.12 8 trains3
c 2663.64 -481.67 42.06 2662.38 -466.41 42.17 2664.89 -496.93 41.95 45.74 0
c 2667.32 -527.26 41.77 2667.60 -512.48 41.79 2667.04 -542.04 41.75 43.39 0
c 2661.96 -570.32 41.77 2663.62 -556.26 41.77 2660.29 -584.40 41.77 41.63 0
c 2657.31 -611.70 41.85 2657.58 -598.13 41.84 2657.04 -625.26 41.85 40.12 0
c 2660.35 -651.70 41.78 2658.18 -638.44 41.78 2662.52 -664.96 41.78 40.78 0
c 2670.32 -691.24 41.82 2664.65 -677.11 41.86 2676.00 -705.39 41.78 51.24 0
c 2696.12 -735.51 41.54 2688.14 -719.81 41.58 2704.10 -751.21 41.50 54.38 0
c 2719.94 -784.40 41.56 2712.02 -767.59 41.50 2727.86 -801.20 41.61 57.33 0
c 2741.89 -837.36 41.89 2732.99 -819.39 41.77 2750.80 -855.34 42.01 63.31 0
c 2771.63 -893.25 42.27 2760.62 -874.58 42.06 2782.64 -911.92 42.47 94.97 0
c 2822.97 -973.14 43.08 2811.70 -954.94 42.88 2834.23 -991.33 43.28 33.49 0
c 2839.23 -1002.41 43.46 2833.71 -991.19 43.27 2844.75 -1013.63 43.64 41.65 0
c 2856.10 -1040.48 44.23 2851.29 -1028.49 43.98 2860.91 -1052.47 44.48 35.96 0
c 2868.08 -1074.38 44.96 2864.56 -1064.20 44.82 2871.60 -1084.55 45.09 28.64 0
c 2877.23 -1101.52 45.27 2874.37 -1092.49 45.25 2880.10 -1110.56 45.29 28.24 0
c 2885.27 -1128.59 45.24 2882.84 -1119.76 45.24 2887.69 -1137.41 45.23 26.71 8 freight_group
c 2891.78 -1154.49 45.23 2890.09 -1146.59 45.24 2893.47 -1162.39 45.22 21.82 0
c 2895.43 -1176.00 45.19 2894.48 -1168.59 45.21 2895.73 -1178.34 45.19 7.56 0
c 2896.22 -1183.52 45.17 2895.98 -1180.91 45.18 2896.38 -1185.25 45.17 7.88 0
c 2896.86 -1191.37 45.15 2896.63 -1188.49 45.16 2897.09 -1194.24 45.14 9.42 0
c 2897.60 -1200.76 45.12 2897.33 -1197.49 45.12 2897.87 -1204.03 45.11 10.28 0
c 2898.49 -1211.00 45.09 2898.16 -1207.03 45.10 2898.86 -1215.48 45.09 14.86 0
c 2899.68 -1225.81 45.07 2899.50 -1222.09 45.07 2899.85 -1229.53 45.07 7.50 0
c 2899.54 -1233.31 45.08 2899.70 -1230.88 45.08 2899.39 -1235.74 45.08 7.11 0
c 2898.75 -1240.38 45.08 2899.24 -1237.51 45.09 2898.25 -1243.25 45.08 10.38 0
c 2896.56 -1250.53 45.05 2897.47 -1247.19 45.05 2895.65 -1253.87 45.05 10.43 0
c 2893.28 -1260.43 45.08 2894.45 -1257.35 45.06 2892.10 -1263.52 45.09 9.38 0
c 2889.52 -1269.02 45.15 2890.95 -1266.10 45.14 2888.10 -1271.93 45.16 10.12 0
c 2884.70 -1277.92 45.13 2886.46 -1275.05 45.14 2882.94 -1280.80 45.13 10.14 0
c 2878.95 -1286.27 45.13 2881.05 -1283.48 45.13 2876.85 -1289.06 45.12 10.83 0
c 2872.12 -1294.68 45.09 2874.99 -1291.21 45.10 2869.25 -1298.15 45.08 16.19 0
c 2861.71 -1307.08 45.06 2863.79 -1304.48 45.05 2859.63 -1309.68 45.07 10.00 0
c 2855.28 -1314.74 45.12 2857.43 -1312.19 45.10 2853.14 -1317.29 45.13 10.00 8 trains_nb1
c 2848.85 -1322.40 45.17 2851.00 -1319.85 45.16 2846.71 -1324.95 45.18 9.99 0
c 2842.43 -1330.06 45.17 2844.57 -1327.51 45.17 2840.28 -1332.61 45.17 10.00 8 trains_nb2
c 2836.00 -1337.72 45.17 2838.14 -1335.17 45.17 2833.86 -1340.27 45.17 10.00 0
c 2829.57 -1345.38 45.20 2831.71 -1342.83 45.19 2827.43 -1347.93 45.21 10.00 0
c 2823.14 -1353.04 45.23 2825.29 -1350.49 45.22 2821.00 -1355.59 45.24 9.99 0
c 2816.72 -1360.70 45.25 2818.86 -1358.15 45.24 2815.68 -1361.94 45.25 4.85 0
c 2813.60 -1364.41 45.25 2814.64 -1363.17 45.25 2812.50 -1365.73 45.25 5.15 0
c 2810.29 -1368.36 45.25 2811.39 -1367.04 45.25 2808.15 -1370.92 45.26 10.00 4
c 2803.86 -1376.02 45.26 2806.00 -1373.47 45.26 2801.72 -1378.58 45.26 10.00 4
c 2797.43 -1383.68 45.25 2799.57 -1381.13 45.25 2796.30 -1385.03 45.25 5.30 4
c 2794.03 -1387.74 45.24 2795.16 -1386.39 45.25 2793.02 -1388.94 45.24 4.71 4
c 2791.00 -1391.34 45.24 2792.01 -1390.14 45.24 2788.85 -1393.90 45.23 9.99 0
c 2784.58 -1399.00 45.21 2786.72 -1396.45 45.22 2782.43 -1401.56 45.20 10.00 0
c 2778.15 -1406.66 45.18 2780.29 -1404.11 45.18 2776.01 -1409.22 45.17 10.00 0
c 2771.72 -1414.32 45.16 2773.86 -1411.77 45.17 2769.58 -1416.88 45.15 9.60 0
c 2765.40 -1421.54 45.10 2767.54 -1418.99 45.11 2763.25 -1424.10 45.10 10.25 8 trains_nb2
c 2758.85 -1429.42 45.10 2760.99 -1426.87 45.10 2756.70 -1431.98 45.10 10.32 0
c 2752.25 -1437.35 45.02 2754.46 -1434.70 45.02 2750.04 -1440.01 45.02 10.44 1 Station_NB
c 2745.56 -1445.37 44.93 2747.12 -1443.50 44.93 2743.99 -1447.25 44.93 4.22 0
c 2742.86 -1448.61 44.94 2743.76 -1447.53 44.94 2741.95 -1449.69 44.93 4.25 0
c 2740.13 -1451.87 44.93 2741.21 -1450.73 44.94 2739.05 -1453.01 44.93 5.19 0
c 2736.39 -1455.47 44.93 2737.71 -1454.38 44.94 2735.07 -1456.56 44.93 5.11 0
c 2732.20 -1458.39 44.94 2733.85 -1457.44 44.93 2730.55 -1459.34 44.94 6.34 0
c 2726.49 -1461.15 44.94 2728.27 -1460.31 44.93 2724.71 -1462.00 44.94 5.48 0
c 2721.53 -1463.47 44.94 2723.84 -1462.39 44.93 2719.22 -1464.54 44.94 9.84 0
c 2712.61 -1467.63 44.94 2715.71 -1466.19 44.94 2709.51 -1469.07 44.94 10.95 0
c 2702.69 -1472.26 44.94 2705.68 -1470.86 44.94 2699.70 -1473.65 44.94 9.85 0
c 2693.76 -1476.42 44.94 2696.24 -1475.26 44.93 2691.28 -1477.58 44.94 6.58 0
c 2687.80 -1479.20 44.94 2689.60 -1478.43 44.94 2686.01 -1479.96 44.94 5.13 0
c 2683.00 -1481.00 44.94 2684.47 -1480.56 44.94 2681.54 -1481.44 44.94 4.08 0
c 2679.01 -1481.84 44.94 2680.53 -1481.68 44.94 2677.48 -1482.00 44.94 5.15 0
c 2673.86 -1481.98 44.94 2675.41 -1481.95 44.94 2672.31 -1482.01 44.94 6.24 0
2667.62 -1482.00 44.94 6.24 0
2661.38 -1482.03 44.93 7.28 0
2654.10 -1482.05 44.93 9.35 0
2644.75 -1482.09 44.93 10.59 0
2634.16 -1482.19 45.00 10.00 0
2624.16 -1482.19 45.15 3.69 0
2620.47 -1482.19 45.15 12.54 4
2607.93 -1482.19 45.21 3.77 4
2604.16 -1482.19 45.24 7.81 0
2596.35 -1482.19 45.25 7.81 0
2588.54 -1482.19 45.22 8.66 8 freight_nb1_inter
2579.88 -1482.19 45.24 10.00 0
2569.88 -1482.19 45.24 10.00 0
c 2559.88 -1482.19 45.25 2563.21 -1482.19 45.25 2556.55 -1482.19 45.25 10.00 0
c 2549.88 -1482.19 45.13 2553.21 -1482.19 45.13 2546.55 -1482.19 45.13 10.00 0
c 2539.88 -1482.19 45.13 2543.21 -1482.19 45.13 2536.55 -1482.19 45.13 10.00 0
c 2529.88 -1482.19 45.13 2533.11 -1482.19 45.13 2526.64 -1482.19 45.13 9.42 0
c 2520.46 -1482.19 45.13 2523.33 -1482.19 45.13 2517.60 -1482.19 45.13 4.83 8 braithwaites2_track_config
c 2515.63 -1482.15 45.12 2518.23 -1482.15 45.12 2513.03 -1482.15 45.12 10.75 0
c 2504.88 -1482.19 45.13 2507.33 -1482.19 45.12 2502.43 -1482.19 45.13 6.92 0
c 2497.96 -1482.19 45.14 2499.88 -1482.19 45.13 2496.04 -1482.19 45.14 4.60 0
